1001000100000101
1001001000000111
1001001100001100
0000110000101000
1111101110011010
1110101100000000
1110010100000000
1111101110110111
0001111001000100
1111011001110101
0100011110011000
0010011111101100
0001100100101000
0011010000111100
1011010100000010
0100101010111100
1110110010100000
1110011010100000
1110101110100010
1110011110100010
0010111110111100
1010011011001101
1111111101101000
0100101010001000
1110101000001000
1110111100001010
1110010110100010
0010100110100100
0101000110110100
1010101100101011
1001001101100010
0011000000001100
